17710403
17164236
17220322
17151231
17314135
17461973
17308930
17314395
16467474
16879425
16911514
16251356
16598687
15993632
16380504
15994967
15645503
15489514
16234568
15908144
15937126
14871844
14594803
15334557
14993228
15299026
12586695
12754197
12972632
12663529
14671320
14657499
12829295
12615994
12134085
12482937
11830665
12089449
12134146
12477387
11726929
11452010
15087496
15883361
16027361
16365294
12096123
18629161
16168084
15695358
12543677
15509654
15371366
17093137
16582425
17107617
16061773
17559411
16507139
17644632
19004804
18657191
16552446
19055778
19116312
18562670
12702675
16989656
15161972
19638689
20043226
20202201
17873082
16361226
16157669
12016207
11907266
18250201
18156287
16600900
19390089
15806102
19064668
18314501
18612650
19047157
18755837
15837808
19793921
19619495
18455128
19751518
19521502
15911569
19220866
18936161
15641941
20157578
16418483
16330752
19004802
14605211
16251355
12686616
18394190
18216282
17995956
18514590
16839886
16630279
18093937
19129474
19633105
20210661
16820484
19067491
19466415
19503795
17158920
16240455
18056469
19054128
17403898
20206679
19631266
23026396
22687516
22970195
22747191
22181064
22177309
21810245
21724935
21212869
21423800
21840858
21193549
21960436
22384317
21807938
20960220
21167225
21193664
21252230
21947398
21912603
21601516
21035538
21136082
21341307
20337531
20520766
19915041
20641020
21179023
20695822
20973990
20675578
20457874
19433630
19260806
20007368
18212113
18160327
18471310
18192430
18323404
23467670